
1 1 
2 2 
3 
4 4 4 
5 
6 6 
7 
8 8 8 8 
9 
10 10 
11 
12 12 12 
13 
14 14 
15 
16 16 16 16 16 
17 
18 18 
19 
20 20 20 
21 
22 22 
23 
24 24 24 24 
25 
26 26 
27 
28 28 28 
29 
30 30 
31 
32 32 32 32 32 32 
33 
34 34 
35 
36 36 36 
37 
38 38 
39 
40 40 40 40 
41 
42 42 
43 
44 44 44 
45 
46 46 
47 
48 48 48 48 48 
49 
50 50 
51 
52 52 52 
53 
54 54 
55 
56 56 56 56 
57 
58 58 
59 
60 60 60 
61 
62 62 
63 
64 64 64 64 64 64 64 
65 
66 66 
67 
68 68 68 
69 
70 70 
71 
72 72 72 72 
73 
74 74 
75 
76 76 76 
77 
78 78 
79 
80 80 80 80 80 
81 
82 82 
83 
84 84 84 
85 
86 86 
87 
88 88 88 88 
89 
90 90 
91 
92 92 92 
93 
94 94 
95 
96 96 96 96 96 96 
97 
98 98 
99 
100 100 100 
101 
102 102 
103 
104 104 104 104 
105 
106 106 
107 
108 108 108 
109 
110 110 
111 
112 112 112 112 112 
113 
114 114 
115 
116 116 116 
117 
118 118 
119 
120 120 120 120 
121 
122 122 
123 
124 124 124 
125 
126 126 
127 
128 128 128 128 128 128 128 128 
129 
130 130 
131 
132 132 132 
133 
134 134 
135 
136 136 136 136 
137 
138 138 
139 
140 140 140 
141 
142 142 
143 
144 144 144 144 144 
145 
146 146 
147 
148 148 148 
149 
150 150 
151 
152 152 152 152 
153 
154 154 
155 
156 156 156 
157 
158 158 
159 
160 160 160 160 160 160 
161 
162 162 
163 
164 164 164 
165 
166 166 
167 
168 168 168 168 
169 
170 170 
171 
172 172 172 
173 
174 174 
175 
176 176 176 176 176 
177 
178 178 
179 
180 180 180 
181 
182 182 
183 
184 184 184 184 
185 
186 186 
187 
188 188 188 
189 
190 190 
191 
192 192 192 192 192 192 192 
193 
194 194 
195 
196 196 196 
197 
198 198 
199 
200 200 200 200 
201 
202 202 
203 
204 204 204 
205 
206 206 
207 
208 208 208 208 208 
209 
210 210 
211 
212 212 212 
213 
214 214 
215 
216 216 216 216 
217 
218 218 
219 
220 220 220 
221 
222 222 
223 
224 224 224 224 224 224 
225 
226 226 
227 
228 228 228 
229 
230 230 
231 
232 232 232 232 
233 
234 234 
235 
236 236 236 
237 
238 238 
239 
240 240 240 240 240 
241 
242 242 
243 
244 244 244 
245 
246 246 
247 
248 248 248 248 
249 
250 250 
251 
252 252 252 
253 
254 254 
255 
256 256 256 256 256 256 256 256 256 
257 
258 258 
259 
260 260 260 
261 
262 262 
263 
264 264 264 264 
265 
266 266 
267 
268 268 268 
269 
270 270 
271 
272 272 272 272 272 
273 
274 274 
275 
276 276 276 
277 
278 278 
279 
280 280 280 280 
281 
282 282 
283 
284 284 284 
285 
286 286 
287 
288 288 288 288 288 288 
289 
290 290 
291 
292 292 292 
293 
294 294 
295 
296 296 296 296 
297 
298 298 
299 
300 300 300 
301 
302 302 
303 
304 304 304 304 304 
305 
306 306 
307 
308 308 308 
309 
310 310 
311 
312 312 312 312 
313 
314 314 
315 
316 316 316 
317 
318 318 
319 
320 320 320 320 320 320 320 
321 
322 322 
323 
324 324 324 
325 
326 326 
327 
328 328 328 328 
329 
330 330 
331 
332 332 332 
333 
334 334 
335 
336 336 336 336 336 
337 
338 338 
339 
340 340 340 
341 
342 342 
343 
344 344 344 344 
345 
346 346 
347 
348 348 348 
349 
350 350 
351 
352 352 352 352 352 352 
353 
354 354 
355 
356 356 356 
357 
358 358 
359 
360 360 360 360 
361 
362 362 
363 
364 364 364 
365 
366 366 
367 
368 368 368 368 368 
369 
370 370 
371 
372 372 372 
373 
374 374 
375 
376 376 376 376 
377 
378 378 
379 
380 380 380 
381 
382 382 
383 
384 384 384 384 384 384 384 384 
385 
386 386 
387 
388 388 388 
389 
390 390 
391 
392 392 392 392 
393 
394 394 
395 
396 396 396 
397 
398 398 
399 
400 400 400 400 400 
401 
402 402 
403 
404 404 404 
405 
406 406 
407 
408 408 408 408 
409 
410 410 
411 
412 412 412 
413 
414 414 
415 
416 416 416 416 416 416 
417 
418 418 
419 
420 420 420 
421 
422 422 
423 
424 424 424 424 
425 
426 426 
427 
428 428 428 
429 
430 430 
431 
432 432 432 432 432 
433 
434 434 
435 
436 436 436 
437 
438 438 
439 
440 440 440 440 
441 
442 442 
443 
444 444 444 
445 
446 446 
447 
448 448 448 448 448 448 448 
449 
450 450 
451 
452 452 452 
453 
454 454 
455 
456 456 456 456 
457 
458 458 
459 
460 460 460 
461 
462 462 
463 
464 464 464 464 464 
465 
466 466 
467 
468 468 468 
469 
470 470 
471 
472 472 472 472 
473 
474 474 
475 
476 476 476 
477 
478 478 
479 
480 480 480 480 480 480 
481 
482 482 
483 
484 484 484 
485 
486 486 
487 
488 488 488 488 
489 
490 490 
491 
492 492 492 
493 
494 494 
495 
496 496 496 496 496 
497 
498 498 
499 
500 500 500 
501 
502 502 
503 
504 504 504 504 
505 
506 506 
507 
508 508 508 
509 
510 510 
511 
512 512 512 512 512 512 512 512 512 512 
513 
514 514 
515 
516 516 516 
517 
518 518 
519 
520 520 520 520 
521 
522 522 
523 
524 524 524 
525 
526 526 
527 
528 528 528 528 528 
529 
530 530 
531 
532 532 532 
533 
534 534 
535 
536 536 536 536 
537 
538 538 
539 
540 540 540 
541 
542 542 
543 
544 544 544 544 544 544 
545 
546 546 
547 
548 548 548 
549 
550 550 
551 
552 552 552 552 
553 
554 554 
555 
556 556 556 
557 
558 558 
559 
560 560 560 560 560 
561 
562 562 
563 
564 564 564 
565 
566 566 
567 
568 568 568 568 
569 
570 570 
571 
572 572 572 
573 
574 574 
575 
576 576 576 576 576 576 576 
577 
578 578 
579 
580 580 580 
581 
582 582 
583 
584 584 584 584 
585 
586 586 
587 
588 588 588 
589 
590 590 
591 
592 592 592 592 592 
593 
594 594 
595 
596 596 596 
597 
598 598 
599 
600 600 600 600 
601 
602 602 
603 
604 604 604 
605 
606 606 
607 
608 608 608 608 608 608 
609 
610 610 
611 
612 612 612 
613 
614 614 
615 
616 616 616 616 
617 
618 618 
619 
620 620 620 
621 
622 622 
623 
624 624 624 624 624 
625 
626 626 
627 
628 628 628 
629 
630 630 
631 
632 632 632 632 
633 
634 634 
635 
636 636 636 
637 
638 638 
639 
640 640 640 640 640 640 640 640 
641 
642 642 
643 
644 644 644 
645 
646 646 
647 
648 648 648 648 
649 
650 650 
651 
652 652 652 
653 
654 654 
655 
656 656 656 656 656 
657 
658 658 
659 
660 660 660 
661 
662 662 
663 
664 664 664 664 
665 
666 666 
667 
668 668 668 
669 
670 670 
671 
672 672 672 672 672 672 
673 
674 674 
675 
676 676 676 
677 
678 678 
679 
680 680 680 680 
681 
682 682 
683 
684 684 684 
685 
686 686 
687 
688 688 688 688 688 
689 
690 690 
691 
692 692 692 
693 
694 694 
695 
696 696 696 696 
697 
698 698 
699 
700 700 700 
701 
702 702 
703 
704 704 704 704 704 704 704 
705 
706 706 
707 
708 708 708 
709 
710 710 
711 
712 712 712 712 
713 
714 714 
715 
716 716 716 
717 
718 718 
719 
720 720 720 720 720 
721 
722 722 
723 
724 724 724 
725 
726 726 
727 
728 728 728 728 
729 
730 730 
731 
732 732 732 
733 
734 734 
735 
736 736 736 736 736 736 
737 
738 738 
739 
740 740 740 
741 
742 742 
743 
744 744 744 744 
745 
746 746 
747 
748 748 748 
749 
750 750 
751 
752 752 752 752 752 
753 
754 754 
755 
756 756 756 
757 
758 758 
759 
760 760 760 760 
761 
762 762 
763 
764 764 764 
765 
766 766 
767 
768 768 768 768 768 768 768 768 768 
769 
770 770 
771 
772 772 772 
773 
774 774 
775 
776 776 776 776 
777 
778 778 
779 
780 780 780 
781 
782 782 
783 
784 784 784 784 784 
785 
786 786 
787 
788 788 788 
789 
790 790 
791 
792 792 792 792 
793 
794 794 
795 
796 796 796 
797 
798 798 
799 
800 800 800 800 800 800 
801 
802 802 
803 
804 804 804 
805 
806 806 
807 
808 808 808 808 
809 
810 810 
811 
812 812 812 
813 
814 814 
815 
816 816 816 816 816 
817 
818 818 
819 
820 820 820 
821 
822 822 
823 
824 824 824 824 
825 
826 826 
827 
828 828 828 
829 
830 830 
831 
832 832 832 832 832 832 832 
833 
834 834 
835 
836 836 836 
837 
838 838 
839 
840 840 840 840 
841 
842 842 
843 
844 844 844 
845 
846 846 
847 
848 848 848 848 848 
849 
850 850 
851 
852 852 852 
853 
854 854 
855 
856 856 856 856 
857 
858 858 
859 
860 860 860 
861 
862 862 
863 
864 864 864 864 864 864 
865 
866 866 
867 
868 868 868 
869 
870 870 
871 
872 872 872 872 
873 
874 874 
875 
876 876 876 
877 
878 878 
879 
880 880 880 880 880 
881 
882 882 
883 
884 884 884 
885 
886 886 
887 
888 888 888 888 
889 
890 890 
891 
892 892 892 
893 
894 894 
895 
896 896 896 896 896 896 896 896 
897 
898 898 
899 
900 900 900 
901 
902 902 
903 
904 904 904 904 
905 
906 906 
907 
908 908 908 
909 
910 910 
911 
912 912 912 912 912 
913 
914 914 
915 
916 916 916 
917 
918 918 
919 
920 920 920 920 
921 
922 922 
923 
924 924 924 
925 
926 926 
927 
928 928 928 928 928 928 
929 
930 930 
931 
932 932 932 
933 
934 934 
935 
936 936 936 936 
937 
938 938 
939 
940 940 940 
941 
942 942 
943 
944 944 944 944 944 
945 
946 946 
947 
948 948 948 
949 
950 950 
951 
952 952 952 952 
953 
954 954 
955 
956 956 956 
957 
958 958 
959 
960 960 960 960 960 960 960 
961 
962 962 
963 
964 964 964 
965 
966 966 
967 
968 968 968 968 
969 
970 970 
971 
972 972 972 
973 
974 974 
975 
976 976 976 976 976 
977 
978 978 
979 
980 980 980 
981 
982 982 
983 
984 984 984 984 
985 
986 986 
987 
988 988 988 
989 
990 990 
991 
992 992 992 992 992 992 
993 
994 994 
995 
996 996 996 
997 
998 998 
999 
1000 1000 1000 1000 
1001 
1002 1002 
1003 
1004 1004 1004 
1005 
1006 